$ANSIBLE_VAULT;1.1;AES256
63323439646163346435323336356133333637346666363636626235336364336639386664363261
6337306239366162653961396231303639313834326336350a613436636331616265343133326563
32303834333336306339613530313063366562656666643239636533316433323038646530313666
6564393834386334390a323931383936393166303464386661373738653530623264303931663735
63326564303532323739333933353233613332656433633339373332376466343433386361313066
36313365323338346331393139316338333163393238356137326234633133363063363165613261
63313139383966353438363535316239343431383531346538326337616533316637396336366164
62613862306137623966363034646134353537393562663935326464336565646462613032383930
38613663383239303531666533353762333763636639386335366162383431363363363530333131
62356164366661323339633766333731613037623738663638306333386563353037316431353565
63343039636234333165376161326638613837623635616466363132666661646161613931323362
38323763343061366332643633666565623165666539396230306632393566373061323338623166
33623231326331656261303762666361633435656531303730356365656165303635386139346463
37616236613564333732316137393061396334336163326139623734316534333562393533653937
39326334616364393730356231323432616564386534643364613335316666646361616263303565
35333434306436656535383134626162653162633337383364366230336466663732303230393833
64346435306131636630323066383537633263316564393535643365373035633466393237626431
33343539393930386562373537396137386263623838643236393734666162376633333238353337
65333035346336636438376334386332313839313363653065333136363963646137353933616538
36363639633563306136653634376135643966626463393339623966353736393637366561346331
36653764306537643133343937616262633966653433636338366465363034636234633461366139
34616534663437613536346539653866393037666464643764366164343935323738626136393633
61393638613033623533623539323838666434363832376630393437313262373534613066306437
39353830623832366261316136376437363262613364393635313130363663646231623133343832
64386661356631646330623563313738373432343636323836313963326236313534363730636334
3834316134353533646234366132393136313839323464613631
